,Id,SalePrice
0,1461,126040.0
1,1462,151875.0
2,1463,184930.0
3,1464,180340.0
4,1465,209180.6
5,1466,187250.0
6,1467,178460.0
7,1468,180293.2
8,1469,177629.5
9,1470,121537.1
10,1471,196009.3
11,1472,99680.0
12,1473,92650.0
13,1474,146800.0
14,1475,128330.0
15,1476,369891.8
16,1477,268118.8
17,1478,295779.6
18,1479,280977.5
19,1480,438091.8
20,1481,312914.1
21,1482,210202.8
22,1483,178548.9
23,1484,169989.5
24,1485,172523.5
25,1486,199000.0
26,1487,325596.3
27,1488,276329.5
28,1489,213079.6
29,1490,199780.0
30,1491,185592.5
31,1492,98639.3
32,1493,162890.0
33,1494,319661.7
34,1495,308400.0
35,1496,226600.6
36,1497,165850.0
37,1498,158470.4
38,1499,153630.4
39,1500,153463.3
40,1501,173710.0
41,1502,152885.2
42,1503,326681.7
43,1504,226956.3
44,1505,217520.0
45,1506,185800.0
46,1507,219912.4
47,1508,209340.0
48,1509,169684.0
49,1510,142690.0
50,1511,144760.0
51,1512,173060.0
52,1513,135500.0
53,1514,166942.4
54,1515,215947.0
55,1516,167100.0
56,1517,162360.0
57,1518,122850.0
58,1519,233807.0
59,1520,137747.5
60,1521,137410.0
61,1522,159180.0
62,1523,118620.0
63,1524,118490.8
64,1525,132340.0
65,1526,132170.0
66,1527,90289.3
67,1528,130830.0
68,1529,138290.0
69,1530,154940.0
70,1531,145860.0
71,1532,111740.0
72,1533,150390.0
73,1534,119275.0
74,1535,163890.0
75,1536,115615.1
76,1537,72599.3
77,1538,183950.0
78,1539,244033.5
79,1540,119550.0
80,1541,153600.0
81,1542,146525.0
82,1543,226890.0
83,1544,85900.0
84,1545,104400.0
85,1546,122420.0
86,1547,141750.0
87,1548,149240.0
88,1549,120810.0
89,1550,151205.0
90,1551,123972.5
91,1552,147800.0
92,1553,136350.0
93,1554,98330.0
94,1555,184750.0
95,1556,95000.0
96,1557,120830.0
97,1558,94360.0
98,1559,117300.0
99,1560,167680.0
100,1561,186140.0
101,1562,125120.0
102,1563,126500.0
103,1564,149060.0
104,1565,159393.2
105,1566,225557.8
106,1567,78740.0
107,1568,223950.0
108,1569,147110.0
109,1570,119924.3
110,1571,138285.0
111,1572,139240.0
112,1573,231890.0
113,1574,104815.9
114,1575,199720.0
115,1576,215300.0
116,1577,207911.6
117,1578,150750.0
118,1579,143165.0
119,1580,187134.0
120,1581,147990.0
121,1582,131340.0
122,1583,336195.0
123,1584,252450.0
124,1585,142730.0
125,1586,88350.0
126,1587,106240.0
127,1588,159990.0
128,1589,116350.0
129,1590,145190.0
130,1591,109265.0
131,1592,115860.8
132,1593,104000.0
133,1594,144181.1
134,1595,120300.0
135,1596,223100.0
136,1597,174775.8
137,1598,196153.5
138,1599,227010.0
139,1600,194695.6
140,1601,65261.1
141,1602,107150.0
142,1603,93440.0
143,1604,273940.0
144,1605,280096.3
145,1606,158758.2
146,1607,159780.5
147,1608,220992.0
148,1609,206053.6
149,1610,164795.4
150,1611,151363.5
151,1612,169650.0
152,1613,178360.0
153,1614,126200.0
154,1615,79750.0
155,1616,70999.3
156,1617,80340.0
157,1618,128900.0
158,1619,135415.0
159,1620,144716.9
160,1621,135725.0
161,1622,145300.0
162,1623,293230.0
163,1624,209550.0
164,1625,125779.3
165,1626,147078.2
166,1627,185250.0
167,1628,279190.0
168,1629,180380.0
169,1630,333667.0
170,1631,243685.3
171,1632,253496.3
172,1633,165780.0
173,1634,179090.0
174,1635,179090.0
175,1636,160579.0
176,1637,191550.0
177,1638,211490.0
178,1639,184450.0
179,1640,255497.9
180,1641,191320.0
181,1642,209700.0
182,1643,225736.3
183,1644,240544.0
184,1645,183690.0
185,1646,144550.0
186,1647,150740.0
187,1648,136230.0
188,1649,134030.0
189,1650,124390.0
190,1651,122090.0
191,1652,91730.0
192,1653,97980.0
193,1654,146100.0
194,1655,153690.0
195,1656,147650.0
196,1657,147600.0
197,1658,147650.0
198,1659,134564.0
199,1660,139960.0
200,1661,430750.0
201,1662,395340.7
202,1663,359139.8
203,1664,435043.5
204,1665,315046.8
205,1666,344143.2
206,1667,355863.1
207,1668,314359.3
208,1669,293879.3
209,1670,330649.5
210,1671,266493.0
211,1672,475579.2
212,1673,304890.2
213,1674,276177.5
214,1675,189978.0
215,1676,194643.2
216,1677,221587.4
217,1678,410308.7
218,1679,398059.1
219,1680,307550.0
220,1681,254329.6
221,1682,286746.3
222,1683,179720.0
223,1684,168691.0
224,1685,173629.0
225,1686,163486.7
226,1687,165123.5
227,1688,186925.0
228,1689,182990.0
229,1690,182754.0
230,1691,172393.5
231,1692,279036.3
232,1693,172343.5
233,1694,181610.0
234,1695,166890.0
235,1696,271497.9
236,1697,164323.2
237,1698,346474.0
238,1699,321763.4
239,1700,230769.9
240,1701,257050.0
241,1702,255766.6
242,1703,276899.9
243,1704,316097.7
244,1705,235436.3
245,1706,421207.4
246,1707,229572.6
247,1708,225499.5
248,1709,277346.9
249,1710,236450.9
250,1711,264796.3
251,1712,232544.4
252,1713,260518.2
253,1714,211585.0
254,1715,197780.0
255,1716,192725.1
256,1717,169824.0
257,1718,153750.0
258,1719,194523.5
259,1720,259838.3
260,1721,173180.0
261,1722,129435.0
262,1723,142550.0
263,1724,220154.6
264,1725,236700.0
265,1726,173300.0
266,1727,166360.0
267,1728,179338.5
268,1729,169065.0
269,1730,146250.0
270,1731,120140.0
271,1732,131315.0
272,1733,117229.3
273,1734,134960.0
274,1735,136550.0
275,1736,115450.0
276,1737,332026.3
277,1738,202840.0
278,1739,260547.0
279,1740,193877.2
280,1741,185540.0
281,1742,171960.0
282,1743,170280.0
283,1744,308810.0
284,1745,218022.8
285,1746,261825.0
286,1747,211400.0
287,1748,207050.0
288,1749,160705.0
289,1750,159810.0
290,1751,213000.0
291,1752,128550.0
292,1753,155533.2
293,1754,227700.0
294,1755,158000.0
295,1756,119690.0
296,1757,115800.0
297,1758,140900.0
298,1759,167600.0
299,1760,155040.0
300,1761,152563.7
301,1762,172604.0
302,1763,163390.0
303,1764,120240.0
304,1765,167610.0
305,1766,161010.0
306,1767,196250.0
307,1768,141090.0
308,1769,158789.0
309,1770,140340.0
310,1771,132040.0
311,1772,140240.0
312,1773,138410.0
313,1774,130890.5
314,1775,143350.0
315,1776,105699.4
316,1777,117190.0
317,1778,131990.0
318,1779,116940.0
319,1780,180533.5
320,1781,132990.0
321,1782,107605.0
322,1783,135097.1
323,1784,92270.0
324,1785,118958.0
325,1786,185360.0
326,1787,186388.0
327,1788,61371.1
328,1789,117455.0
329,1790,85581.1
330,1791,181625.0
331,1792,155265.0
332,1793,141880.0
333,1794,139550.0
334,1795,141400.0
335,1796,111270.0
336,1797,124580.0
337,1798,116180.0
338,1799,123990.0
339,1800,129490.0
340,1801,138940.0
341,1802,143240.0
342,1803,143700.0
343,1804,142112.0
344,1805,140770.0
345,1806,113620.0
346,1807,145630.0
347,1808,128270.0
348,1809,139300.0
349,1810,166990.0
350,1811,124200.0
351,1812,137388.7
352,1813,131490.0
353,1814,98817.6
354,1815,65833.3
355,1816,105340.0
356,1817,135507.5
357,1818,132300.0
358,1819,110990.0
359,1820,69866.9
360,1821,128250.0
361,1822,158640.0
362,1823,63390.0
363,1824,139790.0
364,1825,146710.0
365,1826,102080.0
366,1827,118320.0
367,1828,141305.0
368,1829,120148.0
369,1830,151100.0
370,1831,193934.0
371,1832,115150.0
372,1833,170670.0
373,1834,138943.4
374,1835,169200.0
375,1836,130850.0
376,1837,104400.0
377,1838,141025.0
378,1839,76140.0
379,1840,146350.0
380,1841,146295.9
381,1842,96750.0
382,1843,142770.0
383,1844,140355.0
384,1845,149807.0
385,1846,148330.0
386,1847,150850.0
387,1848,64816.1
388,1849,111939.3
389,1850,127700.0
390,1851,160810.0
391,1852,137140.0
392,1853,126600.0
393,1854,177465.0
394,1855,122613.6
395,1856,221030.0
396,1857,181990.0
397,1858,132968.0
398,1859,118482.8
399,1860,149707.4
400,1861,118482.8
401,1862,269542.8
402,1863,262042.8
403,1864,262042.8
404,1865,309221.7
405,1866,314324.9
406,1867,255461.9
407,1868,284050.0
408,1869,186563.2
409,1870,269253.9
410,1871,259004.6
411,1872,170040.2
412,1873,229820.0
413,1874,139850.0
414,1875,215650.0
415,1876,197290.0
416,1877,203644.1
417,1878,207405.0
418,1879,139535.0
419,1880,130911.0
420,1881,249177.2
421,1882,246300.0
422,1883,199054.1
423,1884,220930.0
424,1885,278190.0
425,1886,286100.0
426,1887,191090.0
427,1888,284867.7
428,1889,161268.9
429,1890,128315.0
430,1891,144950.0
431,1892,112857.1
432,1893,135940.0
433,1894,136100.0
434,1895,148940.0
435,1896,123070.0
436,1897,130490.0
437,1898,107890.0
438,1899,125370.0
439,1900,145315.0
440,1901,145700.0
441,1902,119440.9
442,1903,205130.0
443,1904,139550.0
444,1905,173935.0
445,1906,156390.0
446,1907,199960.0
447,1908,114690.0
448,1909,121850.0
449,1910,121240.0
450,1911,185360.0
451,1912,272076.6
452,1913,156050.0
453,1914,80490.0
454,1915,338847.7
455,1916,75200.0
456,1917,276890.0
457,1918,143355.0
458,1919,151711.0
459,1920,166300.0
460,1921,379874.6
461,1922,313455.8
462,1923,218440.0
463,1924,240300.0
464,1925,212962.5
465,1926,379911.9
466,1927,142500.0
467,1928,152845.0
468,1929,130970.0
469,1930,111539.3
470,1931,143030.0
471,1932,133275.0
472,1933,181450.0
473,1934,183100.0
474,1935,177890.0
475,1936,191400.0
476,1937,188467.0
477,1938,162315.0
478,1939,264492.6
479,1940,202095.6
480,1941,175870.0
481,1942,185954.0
482,1943,199990.0
483,1944,312141.1
484,1945,364430.4
485,1946,158125.0
486,1947,316976.1
487,1948,168215.0
488,1949,242140.0
489,1950,179620.0
490,1951,286718.0
491,1952,216380.0
492,1953,154549.0
493,1954,207173.5
494,1955,131140.0
495,1956,282280.6
496,1957,153125.0
497,1958,290306.5
498,1959,149900.0
499,1960,119425.8
500,1961,124330.0
501,1962,109060.0
502,1963,112320.0
503,1964,127450.0
504,1965,152750.0
505,1966,146380.0
506,1967,308205.0
507,1968,401800.7
508,1969,364089.9
509,1970,388029.1
510,1971,406542.8
511,1972,352768.7
512,1973,264551.3
513,1974,305013.1
514,1975,422179.1
515,1976,276613.7
516,1977,410494.1
517,1978,379641.5
518,1979,323866.8
519,1980,201875.6
520,1981,327761.6
521,1982,250526.9
522,1983,210342.0
523,1984,162555.2
524,1985,199505.6
525,1986,214165.6
526,1987,169559.9
527,1988,180290.0
528,1989,184530.0
529,1990,209650.0
530,1991,219815.4
531,1992,211083.5
532,1993,165913.9
533,1994,244997.9
534,1995,180823.5
535,1996,241169.9
536,1997,287533.2
537,1998,355777.8
538,1999,254547.6
539,2000,312151.7
540,2001,275222.5
541,2002,232482.2
542,2003,272090.6
543,2004,294922.8
544,2005,238126.3
545,2006,211091.9
546,2007,260136.4
547,2008,216316.0
548,2009,182200.0
549,2010,190642.5
550,2011,155170.0
551,2012,178147.6
552,2013,190810.0
553,2014,182780.0
554,2015,193313.0
555,2016,192610.0
556,2017,198941.0
557,2018,119090.0
558,2019,131990.0
559,2020,127340.0
560,2021,117800.0
561,2022,173080.0
562,2023,151772.2
563,2024,220950.0
564,2025,349190.0
565,2026,177750.0
566,2027,150538.5
567,2028,151400.4
568,2029,172250.0
569,2030,269290.0
570,2031,260450.0
571,2032,273700.0
572,2033,276940.0
573,2034,164970.0
574,2035,200160.0
575,2036,193400.0
576,2037,209400.0
577,2038,290805.0
578,2039,205896.3
579,2040,406976.1
580,2041,282345.6
581,2042,197130.0
582,2043,160580.0
583,2044,166350.0
584,2045,227340.0
585,2046,137925.5
586,2047,160500.0
587,2048,131540.0
588,2049,134001.0
589,2050,180103.0
590,2051,107610.0
591,2052,135025.0
592,2053,153390.0
593,2054,80101.1
594,2055,156640.0
595,2056,122299.3
596,2057,128505.0
597,2058,197700.0
598,2059,125495.9
599,2060,166905.0
600,2061,175790.0
601,2062,131500.0
602,2063,114150.0
603,2064,138475.0
604,2065,128240.0
605,2066,158500.0
606,2067,118010.0
607,2068,129350.5
608,2069,89940.0
609,2070,108500.0
610,2071,95440.0
611,2072,141133.2
612,2073,132730.0
613,2074,177665.1
614,2075,155920.0
615,2076,125640.0
616,2077,143365.0
617,2078,127305.0
618,2079,134180.0
619,2080,111015.0
620,2081,123830.0
621,2082,135000.0
622,2083,151500.0
623,2084,111600.0
624,2085,131245.0
625,2086,106539.3
626,2087,128040.0
627,2088,118600.0
628,2089,89166.1
629,2090,128543.4
630,2091,135750.0
631,2092,141157.5
632,2093,169135.0
633,2094,134875.0
634,2095,152850.0
635,2096,98770.0
636,2097,96075.0
637,2098,152865.0
638,2099,62331.1
639,2100,111450.0
640,2101,131285.0
641,2102,154580.0
642,2103,110735.0
643,2104,136660.0
644,2105,132243.4
645,2106,91600.0
646,2107,256290.0
647,2108,115650.0
648,2109,125585.0
649,2110,124350.0
650,2111,139140.0
651,2112,148133.2
652,2113,123660.0
653,2114,113175.0
654,2115,154265.0
655,2116,108753.3
656,2117,138233.4
657,2118,115300.0
658,2119,117425.0
659,2120,105500.0
660,2121,90620.0
661,2122,103300.0
662,2123,105810.0
663,2124,216379.9
664,2125,143850.0
665,2126,163157.5
666,2127,160970.0
667,2128,127600.0
668,2129,99635.0
669,2130,164498.4
670,2131,169180.0
671,2132,116490.0
672,2133,125200.0
673,2134,117710.0
674,2135,112500.0
675,2136,85590.0
676,2137,116450.0
677,2138,135550.0
678,2139,150970.0
679,2140,135100.0
680,2141,140030.0
681,2142,140235.0
682,2143,135120.0
683,2144,106935.9
684,2145,135800.0
685,2146,170318.3
686,2147,159350.0
687,2148,117740.0
688,2149,130490.0
689,2150,220650.0
690,2151,118943.3
691,2152,181010.0
692,2153,164625.0
693,2154,116750.0
694,2155,129800.0
695,2156,224450.0
696,2157,248967.2
697,2158,236745.0
698,2159,211350.0
699,2160,177356.5
700,2161,258288.9
701,2162,409843.3
702,2163,334002.8
703,2164,271368.7
704,2165,186850.0
705,2166,139790.0
706,2167,200600.0
707,2168,205250.0
708,2169,186320.0
709,2170,217240.0
710,2171,138578.3
711,2172,138985.0
712,2173,152550.0
713,2174,246646.3
714,2175,309780.2
715,2176,314736.5
716,2177,252027.9
717,2178,226533.4
718,2179,144185.0
719,2180,205790.0
720,2181,190098.4
721,2182,226687.0
722,2183,195186.2
723,2184,150110.0
724,2185,140200.0
725,2186,162007.5
726,2187,136650.0
727,2188,158823.2
728,2189,184300.0
729,2190,95417.1
730,2191,95380.8
731,2192,114020.0
732,2193,104930.0
733,2194,103340.0
734,2195,114450.0
735,2196,98489.3
736,2197,119980.0
737,2198,155500.0
738,2199,167560.0
739,2200,119300.0
740,2201,138770.0
741,2202,176050.0
742,2203,145610.0
743,2204,162010.0
744,2205,107400.0
745,2206,136235.0
746,2207,230330.0
747,2208,204940.0
748,2209,200505.0
749,2210,116020.0
750,2211,108550.0
751,2212,109490.0
752,2213,98550.0
753,2214,147540.0
754,2215,95527.6
755,2216,162340.0
756,2217,83685.8
757,2218,101750.4
758,2219,79120.0
759,2220,63700.0
760,2221,348697.7
761,2222,232140.0
762,2223,254665.0
763,2224,209451.0
764,2225,151596.4
765,2226,189900.0
766,2227,193195.0
767,2228,278134.4
768,2229,229615.6
769,2230,165363.9
770,2231,211893.0
771,2232,185060.0
772,2233,170050.0
773,2234,252090.0
774,2235,198140.0
775,2236,287218.0
776,2237,378290.8
777,2238,200430.0
778,2239,128850.0
779,2240,180510.0
780,2241,142810.0
781,2242,130240.0
782,2243,142300.0
783,2244,100230.0
784,2245,99200.0
785,2246,144250.0
786,2247,109390.0
787,2248,130405.0
788,2249,128200.0
789,2250,133550.0
790,2251,122400.0
791,2252,187010.0
792,2253,144193.9
793,2254,173743.2
794,2255,189350.0
795,2256,175176.5
796,2257,183190.0
797,2258,176381.7
798,2259,170730.0
799,2260,146977.1
800,2261,187890.0
801,2262,214245.6
802,2263,323999.3
803,2264,403061.1
804,2265,179760.0
805,2266,280070.4
806,2267,336467.0
807,2268,373279.3
808,2269,159520.0
809,2270,188090.0
810,2271,256197.7
811,2272,202340.0
812,2273,168180.0
813,2274,165800.0
814,2275,186490.0
815,2276,141740.0
816,2277,198980.0
817,2278,161140.0
818,2279,113208.3
819,2280,123175.8
820,2281,172506.2
821,2282,170499.0
822,2283,105140.0
823,2284,115150.0
824,2285,132300.0
825,2286,121278.3
826,2287,331955.2
827,2288,278571.7
828,2289,421359.8
829,2290,418154.1
830,2291,300001.6
831,2292,422726.1
832,2293,431153.1
833,2294,377173.0
834,2295,416995.9
835,2296,303372.2
836,2297,297421.3
837,2298,301988.2
838,2299,390643.0
839,2300,289640.7
840,2301,277207.8
841,2302,238137.2
842,2303,262980.3
843,2304,251271.3
844,2305,194693.2
845,2306,194293.2
846,2307,189658.0
847,2308,231640.9
848,2309,288414.3
849,2310,213431.9
850,2311,186180.0
851,2312,171535.0
852,2313,172008.0
853,2314,173430.7
854,2315,169665.4
855,2316,179291.0
856,2317,175196.3
857,2318,172402.2
858,2319,172885.5
859,2320,179168.0
860,2321,258059.3
861,2322,164498.3
862,2323,189028.1
863,2324,174107.0
864,2325,207210.0
865,2326,165363.5
866,2327,209800.0
867,2328,203850.0
868,2329,182550.0
869,2330,178040.0
870,2331,376020.0
871,2332,371542.3
872,2333,319608.6
873,2334,250947.9
874,2335,250900.0
875,2336,363900.0
876,2337,197483.0
877,2338,283003.2
878,2339,256931.4
879,2340,386818.3
880,2341,207763.9
881,2342,254227.6
882,2343,211080.0
883,2344,225119.9
884,2345,249792.6
885,2346,211411.9
886,2347,196357.1
887,2348,223579.8
888,2349,166717.5
889,2350,290368.8
890,2351,249745.1
891,2352,265001.4
892,2353,208529.9
893,2354,147640.0
894,2355,167295.0
895,2356,147040.0
896,2357,201327.0
897,2358,198200.0
898,2359,124930.0
899,2360,131355.0
900,2361,134300.0
901,2362,284752.5
902,2363,136540.0
903,2364,143930.0
904,2365,238341.9
905,2366,208136.3
906,2367,239048.1
907,2368,186753.1
908,2369,230253.7
909,2370,171660.0
910,2371,174460.0
911,2372,183690.0
912,2373,257658.3
913,2374,285030.5
914,2375,248302.8
915,2376,263090.0
916,2377,312840.0
917,2378,141820.0
918,2379,208980.0
919,2380,140490.0
920,2381,150745.0
921,2382,188193.7
922,2383,210525.0
923,2384,244840.0
924,2385,143675.0
925,2386,143660.0
926,2387,138350.0
927,2388,98889.3
928,2389,122639.3
929,2390,132385.8
930,2391,130390.0
931,2392,116000.0
932,2393,153100.0
933,2394,148715.0
934,2395,208430.0
935,2396,153120.0
936,2397,204250.0
937,2398,131530.0
938,2399,65630.0
939,2400,60661.1
940,2401,124110.0
941,2402,134640.0
942,2403,125871.6
943,2404,142810.0
944,2405,154715.0
945,2406,134270.0
946,2407,130930.0
947,2408,131430.0
948,2409,122930.0
949,2410,179460.0
950,2411,119590.0
951,2412,148990.0
952,2413,139090.0
953,2414,139240.0
954,2415,122350.5
955,2416,123100.0
956,2417,127900.0
957,2418,123040.0
958,2419,123050.0
959,2420,125590.0
960,2421,157400.0
961,2422,125550.8
962,2423,126725.0
963,2424,143500.0
964,2425,195000.0
965,2426,121690.0
966,2427,137300.0
967,2428,181704.0
968,2429,120400.0
969,2430,133320.0
970,2431,131200.0
971,2432,132400.0
972,2433,140315.0
973,2434,140165.0
974,2435,152810.0
975,2436,103610.0
976,2437,119400.0
977,2438,123100.0
978,2439,119830.0
979,2440,117250.0
980,2441,117590.0
981,2442,103800.0
982,2443,110487.1
983,2444,130840.0
984,2445,90260.0
985,2446,127800.0
986,2447,207390.0
987,2448,151460.0
988,2449,105000.0
989,2450,162900.0
990,2451,126950.0
991,2452,234762.5
992,2453,95860.0
993,2454,123240.8
994,2455,115530.0
995,2456,145930.0
996,2457,118150.0
997,2458,126700.0
998,2459,115275.0
999,2460,142020.0
1000,2461,118290.0
1001,2462,139645.0
1002,2463,108200.0
1003,2464,164450.0
1004,2465,126200.0
1005,2466,121240.0
1006,2467,150100.0
1007,2468,102340.0
1008,2469,90390.0
1009,2470,182210.0
1010,2471,211840.0
1011,2472,181890.0
1012,2473,125507.1
1013,2474,114750.0
1014,2475,220350.0
1015,2476,128190.0
1016,2477,136625.0
1017,2478,167390.0
1018,2479,123050.0
1019,2480,132730.0
1020,2481,130255.0
1021,2482,135600.0
1022,2483,125900.0
1023,2484,135685.0
1024,2485,126830.0
1025,2486,144635.0
1026,2487,206220.0
1027,2488,170695.0
1028,2489,136238.3
1029,2490,148885.0
1030,2491,86040.0
1031,2492,183590.0
1032,2493,129109.3
1033,2494,171040.0
1034,2495,112880.0
1035,2496,230800.0
1036,2497,142735.0
1037,2498,109928.3
1038,2499,92750.0
1039,2500,135990.0
1040,2501,137765.0
1041,2502,151900.0
1042,2503,109925.4
1043,2504,193701.0
1044,2505,213062.5
1045,2506,269328.2
1046,2507,353912.9
1047,2508,276177.5
1048,2509,216150.0
1049,2510,242330.9
1050,2511,190890.8
1051,2512,210272.8
1052,2513,216980.0
1053,2514,254500.0
1054,2515,148830.0
1055,2516,152223.2
1056,2517,146740.0
1057,2518,150225.0
1058,2519,217857.4
1059,2520,205076.5
1060,2521,183080.0
1061,2522,211437.5
1062,2523,132200.0
1063,2524,132070.0
1064,2525,136901.0
1065,2526,135145.0
1066,2527,120915.0
1067,2528,127250.0
1068,2529,133640.0
1069,2530,113100.0
1070,2531,255457.2
1071,2532,219837.3
1072,2533,200945.0
1073,2534,248499.0
1074,2535,305405.0
1075,2536,222850.0
1076,2537,245836.5
1077,2538,187548.5
1078,2539,189794.1
1079,2540,182134.5
1080,2541,183323.1
1081,2542,168779.0
1082,2543,133340.0
1083,2544,138300.0
1084,2545,135500.0
1085,2546,152805.0
1086,2547,137556.0
1087,2548,149277.5
1088,2549,167870.0
1089,2550,342788.3
1090,2551,147230.0
1091,2552,115880.0
1092,2553,85450.0
1093,2554,113250.0
1094,2555,105450.0
1095,2556,103480.0
1096,2557,121350.0
1097,2558,166950.0
1098,2559,147593.4
1099,2560,129087.5
1100,2561,139429.5
1101,2562,140700.0
1102,2563,134300.0
1103,2564,164485.0
1104,2565,116400.0
1105,2566,151935.0
1106,2567,119090.0
1107,2568,172680.0
1108,2569,172315.0
1109,2570,115530.0
1110,2571,173787.0
1111,2572,195180.6
1112,2573,233190.0
1113,2574,307100.0
1114,2575,119110.0
1115,2576,136500.0
1116,2577,156050.0
1117,2578,112450.0
1118,2579,79875.0
1119,2580,119775.0
1120,2581,140210.0
1121,2582,116290.0
1122,2583,252625.6
1123,2584,146936.0
1124,2585,170100.0
1125,2586,198740.0
1126,2587,209507.8
1127,2588,132265.0
1128,2589,145741.0
1129,2590,229867.8
1130,2591,219744.0
1131,2592,209699.3
1132,2593,254634.3
1133,2594,172284.0
1134,2595,218052.8
1135,2596,343149.2
1136,2597,172210.0
1137,2598,261877.9
1138,2599,281610.6
1139,2600,161880.4
1140,2601,130175.0
1141,2602,86990.0
1142,2603,97790.0
1143,2604,89640.0
1144,2605,82049.3
1145,2606,139326.0
1146,2607,162149.0
1147,2608,218540.0
1148,2609,162345.0
1149,2610,116500.0
1150,2611,156230.0
1151,2612,155940.0
1152,2613,132565.0
1153,2614,134210.0
1154,2615,157190.0
1155,2616,150880.0
1156,2617,180090.0
1157,2618,178820.0
1158,2619,204025.0
1159,2620,188640.0
1160,2621,178528.5
1161,2622,185450.0
1162,2623,261980.8
1163,2624,251354.9
1164,2625,331950.0
1165,2626,168019.0
1166,2627,190980.0
1167,2628,414199.9
1168,2629,600734.0
1169,2630,322649.0
1170,2631,429331.7
1171,2632,413377.8
1172,2633,310682.6
1173,2634,362857.6
1174,2635,148656.0
1175,2636,187903.5
1176,2637,163307.8
1177,2638,254702.5
1178,2639,174490.0
1179,2640,146045.0
1180,2641,100050.0
1181,2642,192300.0
1182,2643,105700.0
1183,2644,131300.0
1184,2645,101180.0
1185,2646,90090.0
1186,2647,100170.0
1187,2648,131270.0
1188,2649,142800.0
1189,2650,150750.0
1190,2651,149909.0
1191,2652,416716.4
1192,2653,266264.9
1193,2654,235975.6
1194,2655,345120.2
1195,2656,344273.8
1196,2657,326206.7
1197,2658,270931.3
1198,2659,284658.1
1199,2660,307962.0
1200,2661,320530.2
1201,2662,314075.0
1202,2663,285801.7
1203,2664,273877.5
1204,2665,305440.2
1205,2666,275719.4
1206,2667,168133.4
1207,2668,180059.8
1208,2669,174446.4
1209,2670,274792.6
1210,2671,175543.3
1211,2672,174807.2
1212,2673,187623.0
1213,2674,184536.4
1214,2675,163626.0
1215,2676,183940.0
1216,2677,205650.0
1217,2678,264791.4
1218,2679,300830.2
1219,2680,280591.2
1220,2681,384360.7
1221,2682,332100.0
1222,2683,575028.0
1223,2684,313250.0
1224,2685,336041.9
1225,2686,267646.8
1226,2687,324725.6
1227,2688,250791.6
1228,2689,210431.9
1229,2690,480645.1
1230,2691,187480.0
1231,2692,141800.0
1232,2693,191834.1
1233,2694,141375.0
1234,2695,184279.0
1235,2696,186138.5
1236,2697,200750.0
1237,2698,195080.0
1238,2699,166700.0
1239,2700,172040.0
1240,2701,155289.8
1241,2702,114040.0
1242,2703,130981.1
1243,2704,141630.0
1244,2705,128050.0
1245,2706,124470.0
1246,2707,126020.0
1247,2708,138590.0
1248,2709,117700.0
1249,2710,126000.0
1250,2711,287652.9
1251,2712,366228.0
1252,2713,171790.0
1253,2714,148765.6
1254,2715,166150.0
1255,2716,148295.2
1256,2717,187797.6
1257,2718,238354.6
1258,2719,156680.0
1259,2720,152048.5
1260,2721,138895.0
1261,2722,171850.0
1262,2723,146320.0
1263,2724,130200.0
1264,2725,131400.0
1265,2726,146650.0
1266,2727,162790.0
1267,2728,163600.0
1268,2729,149240.0
1269,2730,142510.0
1270,2731,117050.0
1271,2732,109740.0
1272,2733,161500.0
1273,2734,143910.0
1274,2735,129450.0
1275,2736,144460.0
1276,2737,123400.0
1277,2738,131062.1
1278,2739,158315.0
1279,2740,145175.0
1280,2741,139115.0
1281,2742,160085.0
1282,2743,142235.0
1283,2744,165430.0
1284,2745,141650.0
1285,2746,141880.0
1286,2747,146590.0
1287,2748,113889.3
1288,2749,129850.0
1289,2750,134095.0
1290,2751,127950.0
1291,2752,251422.5
1292,2753,142229.0
1293,2754,205002.4
1294,2755,110997.1
1295,2756,97980.0
1296,2757,76131.1
1297,2758,75025.0
1298,2759,158440.0
1299,2760,152590.0
1300,2761,150545.0
1301,2762,145785.0
1302,2763,208640.0
1303,2764,172544.1
1304,2765,255734.9
1305,2766,141700.0
1306,2767,95480.0
1307,2768,125400.0
1308,2769,128375.9
1309,2770,157470.0
1310,2771,124000.0
1311,2772,117370.0
1312,2773,174450.0
1313,2774,143290.0
1314,2775,147470.0
1315,2776,135750.0
1316,2777,141450.0
1317,2778,134934.0
1318,2779,118510.0
1319,2780,120600.0
1320,2781,115330.0
1321,2782,94739.3
1322,2783,96800.4
1323,2784,129090.0
1324,2785,155190.0
1325,2786,63371.1
1326,2787,120840.0
1327,2788,89990.0
1328,2789,244167.0
1329,2790,94990.0
1330,2791,122280.0
1331,2792,73310.0
1332,2793,152110.0
1333,2794,94607.1
1334,2795,121600.0
1335,2796,119890.0
1336,2797,205311.0
1337,2798,135250.0
1338,2799,120095.0
1339,2800,91299.3
1340,2801,113210.0
1341,2802,142625.0
1342,2803,144791.0
1343,2804,160890.0
1344,2805,103920.0
1345,2806,94250.0
1346,2807,162100.0
1347,2808,150755.0
1348,2809,126065.0
1349,2810,130980.0
1350,2811,159120.0
1351,2812,142512.0
1352,2813,142566.8
1353,2814,166940.5
1354,2815,110750.0
1355,2816,242600.0
1356,2817,135850.0
1357,2818,136486.0
1358,2819,168310.5
1359,2820,127790.8
1360,2821,104490.0
1361,2822,201100.0
1362,2823,201950.0
1363,2824,158220.0
1364,2825,160633.2
1365,2826,128750.0
1366,2827,140380.0
1367,2828,219240.0
1368,2829,163950.0
1369,2830,234462.7
1370,2831,189047.9
1371,2832,217800.0
1372,2833,281300.0
1373,2834,223332.0
1374,2835,220190.0
1375,2836,198314.1
1376,2837,144040.0
1377,2838,143485.0
1378,2839,179110.0
1379,2840,189530.0
1380,2841,207387.5
1381,2842,227197.5
1382,2843,150175.0
1383,2844,155395.0
1384,2845,130875.0
1385,2846,213060.0
1386,2847,191450.0
1387,2848,243391.9
1388,2849,196987.5
1389,2850,277490.0
1390,2851,250122.5
1391,2852,227219.0
1392,2853,243350.0
1393,2854,144225.0
1394,2855,193100.0
1395,2856,205687.5
1396,2857,191059.1
1397,2858,194071.7
1398,2859,147850.0
1399,2860,123700.0
1400,2861,120247.7
1401,2862,198603.5
1402,2863,124050.0
1403,2864,260252.5
1404,2865,142430.0
1405,2866,135250.0
1406,2867,79880.0
1407,2868,119100.0
1408,2869,140345.0
1409,2870,169150.0
1410,2871,113400.0
1411,2872,63830.0
1412,2873,117950.0
1413,2874,144050.0
1414,2875,124900.0
1415,2876,163700.0
1416,2877,163793.4
1417,2878,154160.0
1418,2879,149345.0
1419,2880,116550.0
1420,2881,145948.5
1421,2882,151370.0
1422,2883,160933.5
1423,2884,175070.0
1424,2885,170558.5
1425,2886,221200.0
1426,2887,111038.0
1427,2888,116100.0
1428,2889,57931.1
1429,2890,68190.0
1430,2891,138450.0
1431,2892,82706.1
1432,2893,106550.0
1433,2894,62780.0
1434,2895,293820.0
1435,2896,259730.0
1436,2897,204235.0
1437,2898,135971.4
1438,2899,248335.3
1439,2900,147150.0
1440,2901,194015.0
1441,2902,191050.0
1442,2903,356525.9
1443,2904,360020.4
1444,2905,114900.0
1445,2906,203035.0
1446,2907,115940.0
1447,2908,127250.0
1448,2909,143285.8
1449,2910,89300.0
1450,2911,86990.0
1451,2912,149100.0
1452,2913,97550.0
1453,2914,72639.3
1454,2915,75290.0
1455,2916,82200.0
1456,2917,163490.0
1457,2918,113625.0
1458,2919,231029.7
